0.538255 60
0.786290 8
0.000328 36
0.000113 1
1.406476 1
0.049907 1
0.066753 1
0.104943 1
0.084609 1
0.095253 1
0.111487 1
0.118175 1
0.055693 1
0.125490 1
0.117995 1
1.699205 1
0.174462 2
0.393115 21
11.232707 2
0.000059 1
0.000097 2
0.000074 73
0.000601 2
0.000139 66
0.000492 2
0.000074 74
0.000432 2
0.000081 54
0.000114 2
0.000072 2
0.000097 60
0.306747 36
0.000181 1
1.349621 1
0.159621 1
0.052428 1
0.126620 1
0.252798 1
0.119187 1
0.108495 1
0.241892 1
0.105632 1
0.238024 1
0.086877 1
0.183262 1
0.164945 1
0.168396 1
0.056563 1
0.140435 1
0.835216 1
0.088911 1
0.103696 1
0.153997 1
0.746163 1
0.137556 1
0.080352 1
0.081913 1
0.434386 1
0.369761 1
0.075926 1
0.187307 1
0.128385 1
0.431373 1
0.220645 1
0.103018 1
0.353660 2
0.359092 60
0.333925 49
0.000216 1
0.925149 1
0.142940 1
0.096558 1
0.143490 4
0.772739 4
0.187304 4
0.141895 4
0.158070 1
0.921957 1
0.142910 2
0.367558 9
0.005414 2
0.000143 60
0.000299 2
0.000139 69
0.000186 2
0.000154 68
0.000182 2
0.000136 60
0.000178 2
0.000136 61
0.000177 2
0.000156 75
0.000207 2
0.000137 59
0.000181 2
0.000136 60
0.000180 2
0.000147 75
0.000183 2
0.000133 59
0.000177 2
0.000132 61
0.000171 2
0.000132 63
0.000193 2
0.000135 62
0.000183 2
0.000141 60
0.000626 49
0.000354 1
0.897003 1
0.087727 1
0.064129 1
0.154151 1
0.095228 1
0.110416 1
0.058041 1
1.371377 1
0.465361 1
0.091343 1
0.063865 1
0.238548 1
0.858650 1
0.231032 1
0.337980 1
0.555998 2
0.215452 269
10.652690 2
0.000097 26
0.000145 2
0.000122 57
0.000140 2
0.000126 191
2.526629 2
0.000100 115
0.008400 2
0.000049 192
0.000204 2
0.000072 128
0.000090 2
0.000061 140
0.001370 2
0.000047 117
10.159507 2
0.000055 61
0.000050 2
0.000070 96
0.000079 2
0.000087 117
0.001253 2
0.000052 61
0.000049 2
0.000069 96
0.000070 2
0.000068 117
0.001254 2
0.000051 61
0.000058 2
0.000069 96
0.000086 2
0.000072 117
0.001244 2
0.000051 61
0.000049 2
0.000067 96
0.000050 2
0.000048 145
0.003233 2
0.000062 143
0.006041 2
0.000054 142
0.005065 2
0.000054 143
0.002769 2
0.000054 145
0.004733 2
0.000054 145
0.003765 2
0.000054 141
0.007359 2
0.000055 123
0.008870 2
0.000063 145
0.000112 2
0.000072 148
0.005480 2
0.000053 98
0.000076 2
0.000048 98
0.000101 2
0.000059 98
0.000094 2
0.000049 98
0.000093 2
0.000049 98
0.000092 2
0.000051 274
0.006892 2
0.000053 274
0.002675 2
0.000053 274
0.002784 2
0.000053 274
0.002535 2
0.000054 192
0.003256 2
0.000053 140
0.000079 2
0.000076 140
0.000078 2
0.000067 140
0.000077 2
0.000071 140
0.000076 2
0.000287 15
0.001133 2
0.000053 74
0.000075 2
0.000075 125
0.000051 2
0.000069 125
0.000049 2
0.000048 125
0.002364 1486
0.000076 2
0.000053 138
0.000098 2
0.000069 64
0.000066 2
0.000057 140
0.000075 2
0.000049 64
0.000063 2
0.000048 140
0.000073 2
0.000049 64
0.000064 2
0.000063 140
0.000092 2
0.000056 64
0.000064 2
0.000049 140
0.000073 2
0.000049 64
0.000064 2
0.000055 140
0.000093 2
0.000071 64
0.000065 2
0.000048 140
0.000073 2
0.000049 64
0.000081 2
0.000069 140
0.000076 2
0.000049 64
0.000063 2
0.000049 140
0.000092 2
0.000050 64
0.000074 2
0.000070 140
0.000075 2
0.000049 65
0.000084 2
0.000049 141
0.000073 2
0.000069 65
0.000064 2
0.000063 141
0.000079 2
0.000049 65
0.000084 2
0.000049 141
0.000093 2
0.000074 65
0.000084 2
0.000067 141
0.000094 2
0.000069 65
0.000083 2
0.000063 141
0.000079 2
0.000063 65
0.000069 2
0.000066 141
0.000092 2
0.000069 65
0.000089 2
0.000070 141
0.000093 2
0.000068 65
0.000083 2
0.000067 141
0.000093 2
0.000068 65
0.000085 2
0.000052 141
0.000088 2
0.000056 65
0.000082 2
0.000074 141
0.000094 2
0.000068 58
0.000085 2
0.000068 134
0.000093 2
0.000068 72
0.000085 2
0.000064 148
0.000079 2
0.000067 74
0.000084 2
0.000068 150
0.000098 2
0.000069 143
0.366001 2
0.000053 117
16.848737 2
0.000052 61
0.000045 2
0.000086 96
0.000064 2
0.000063 117
0.001197 2
0.000047 61
0.000044 2
0.000061 96
0.000046 2
0.000077 117
0.001150 2
0.000047 61
0.000044 2
0.000061 96
0.000069 2
0.000062 117
0.001144 2
0.000046 61
0.000043 2
0.000059 96
0.000060 2
0.000045 145
0.000106 2
0.000059 143
0.000106 2
0.000045 142
0.000090 2
0.000058 143
0.000094 2
0.000059 145
0.000163 2
0.000063 145
0.000104 2
0.000046 141
0.000107 2
0.000061 123
0.007132 2
0.000046 148
0.000343 2
0.000069 98
0.000083 2
0.000060 98
0.000083 2
0.000044 98
0.000091 2
0.000041 98
0.000080 2
0.000042 98
0.000080 2
0.000042 274
0.004355 2
0.000045 274
0.001118 2
0.000055 274
0.001097 2
0.000044 274
0.001097 2
0.000045 15
0.000217 2
0.000061 74
0.000052 2
0.000042 125
0.000057 2
0.000043 125
0.000042 2
0.000070 125
0.000047 2
0.000041 125
0.000041 2
0.000041 74
0.000058 2
0.000057 74
0.000044 2
0.000041 74
0.000041 2
0.000041 74
0.000040 2
0.000058 99
0.000084 2
0.000048 74
0.000042 2
0.000041 125
0.000042 2
0.000056 125
0.000069 2
0.000043 125
0.000040 2
0.000039 125
0.000040 2
0.000040 74
0.000039 2
0.000055 74
0.000057 2
0.000042 74
0.000040 2
0.000040 74
0.000039 2
0.000040 2
0.000039 62
0.001387 2
0.000045 138
0.000064 2
0.000040 64
0.000071 2
0.000041 140
0.000061 2
0.000041 64
0.000069 2
0.000041 140
0.000061 2
0.000040 64
0.000069 2
0.000040 140
0.000061 2
0.000048 64
0.000070 2
0.000041 140
0.000060 2
0.000052 64
0.000058 2
0.000041 140
0.000060 2
0.000057 64
0.000053 2
0.000041 140
0.000075 2
0.000043 64
0.000052 2
0.000052 140
0.000064 2
0.000041 64
0.000051 2
0.000061 140
0.000062 2
0.000040 64
0.000068 2
0.000041 140
0.000061 2
0.000056 65
0.000054 2
0.000040 141
0.000075 2
0.000042 65
0.000053 2
0.000040 141
0.000077 2
0.000040 65
0.000053 2
0.000039 141
0.000077 2
0.000040 65
0.000058 2
0.000055 141
0.000063 2
0.000040 65
0.000052 2
0.000056 141
0.000061 2
0.000041 65
0.000067 2
0.000042 141
0.000061 2
0.000056 65
0.000055 2
0.000040 141
0.000075 2
0.000042 65
0.000053 2
0.000055 141
0.000067 2
0.000041 65
0.000069 2
0.000041 141
0.000061 2
0.000057 65
0.000071 2
0.000060 141
0.000062 2
0.000058 58
0.000066 2
0.000046 134
0.000075 2
0.000057 65
0.000069 2
0.000042 141
0.000061 2
0.000040 65
0.000075 2
0.000041 141
0.000060 2
0.000041 65
0.000067 2
0.000042 141
0.000061 2
0.000040 65
0.000069 2
0.000040 141
0.000062 2
0.000040 65
0.000069 2
0.000040 141
0.000061 2
0.000055 65
0.000055 2
0.000040 141
0.000080 2
0.000042 65
0.000064 2
0.000046 141
0.000061 2
0.000057 65
0.000054 2
0.000055 141
0.000062 2
0.000057 65
0.000053 2
0.000040 141
0.000076 2
0.000041 65
0.000052 2
0.000040 141
0.000077 2
0.000040 65
0.000054 2
0.000064 141
0.000061 2
0.000040 65
0.000068 2
0.000041 141
0.000061 2
0.000041 65
0.000069 2
0.000041 141
0.000060 2
0.000058 65
0.000053 2
0.000039 141
0.000077 2
0.000040 65
0.000053 2
0.000039 141
0.000076 2
0.000046 65
0.000053 2
0.000039 141
0.000078 2
0.000041 65
0.000052 2
0.000058 141
0.000061 2
0.000040 65
0.000069 2
0.000040 141
0.000061 2
0.000066 65
0.000052 2
0.000039 141
0.000074 2
0.000041 65
0.000051 2
0.000039 141
0.000079 2
0.000039 60
0.000051 2
0.000056 136
0.000060 2
0.000039 72
0.000069 2
0.000039 148
0.000059 2
0.000057 74
0.000052 2
0.000039 150
0.000074 2
0.000041 74
0.000053 2
0.000039 150
0.000090 2
0.000041 74
0.000057 2
0.000052 150
0.000063 2
0.000039 43
18.807447 2
0.000054 42
0.000100 2
0.000064 109
2.157579 1
0.865296 1
0.219459 1
0.133293 1
0.161632 8
